0000000000000000000000000000000000000000010000000000000000000000000000000000000
0000000000000000000000000000000000000011110000000000000000000000000000000000000
0000000000000000000000000000000000000111100000000000000000000000000000000000000
0000000000000000000000000000010000000100100000000011000000000000000000000000000
0000000000000000000000000000101000000100100000000011000000000000000000000000000
0000000000011000000000000001000110000111100000100000000000000000000000000000000
0000000000010100000000000001000110000011110000100000000000000000000000000000000
0011101100001110000000000001000110000000010000000000000000000000000000000000000
0011110010000111000000000000101000000000000000000000000000000000000000000000000
0000001100001110000000100000010000000000000000000000000000000000000000000000000
0000000000010100000000011000000000000010100000000000000000000000000000000000000
0000000000011000000000110000000000000001100000000000000000000000000000000000000
0000000000000000000000000000000000000001000000000000000000000000000000000000000
0000000000000000000000000000000000000000000000000000000000000000000000000000000
0000000000000000000000000000000000000000000000000000000000000000000000000000000
0000000000000000000000000000000000000000000000000000000000000000000000000000000
0000000000000000000000000000000000000000000000010000000000000000000000000000000
0000000000000000000000000000010100000000000000001100000000000000000000000000000
0000000000000000000000000000001100000000000000011000000000000000000000000000000
0000000000000000000000000000001000000000000000000000000000000000000000000000000
0000000000000000000000000000000000000000000000000000000000000000000000000000000
0000000000000000000000000000000000000100000000000000000000000000000000000000000
0000000000000000000000000000000000000011000000000000000101000000000000000000000
0000000000000000000000000000000000000110000000000000000011000000000000000000000
0000000000000000000000000000000000000000000000000000000010000000000000000000000