00000000000000000000000000000000000000000000000000000000000000000000000000000000
00000000110110000000000000000000000000000000000000000000000000000001000100000000
00000000010100000000000000000000000001100000000000000000000000000010101010000000
00000010010100100000000000000000000000100000000000000000000000000010101010000000
00000011100011100000000000000000000111000000000000000000000000001100101001100000
00000000000000000000000000000000010000000000000000000000000000010000101000010000
00000011100011100000000000000000011000000000000000000000000000001111000111100000
00000010010100100000000000000000000000000000000000000000000000000000000000000000
00000000010100000000000000000000000000000000000000000000000000001100000001100000
00000000110110000000000000000000011011000000000000000000000000001100000001100000
00000000000000000000000000000000101010100000000000000000000000000000000000000000
00000000000000000000000000000001001010010000000000000000000000000000000000000000
00000000000000000000000000000001110001110000000000000000000000000000000000000000
00000000000000000000000000000000000000000000000000000011000001100000000000000000
00000000000000000000000000000001110001110000000000000010000000100000000000000000
00000000000000000000000000000001001010010000000000000001110111000000000000000000
00000001100000000000000000000000101010100000000000000000010100000000000000000000
00000010010000000000000000000000011011000000000000000000001000000000000000000000
00000101101000000000000000000000000000000000000000000000000000000000000000000000
00001010010100000000000000000000000000000000000000000000000000000000000000000000
00001010010100000000000000000000000000000000000000000000000000000000001100000000
00000101101000000000000000000000000000000110110000000000000000000000001000000000
00000010010000000000000000000000000000000010100000000000000000000000101000000000
00000001100000000000000000000000000000001010101000000000000000000000110000000000
00000000000000000000000000000000000000001100011000000000000000000000000000000000