0000000000000000000000000000000000000000000000000000000000000000000000011000000
0000000000000000000000000000000000000000000000000000000000000000000000010100000
0000001000000000011000000000000000000100000000000000000000000000000000001100000
0000010100000000100100000000000000001010000000000000000000011000000000000000000
0000010100000000100100000000000000000100000000110000000000010100000000000000000
0000001000000000011000000110000000000000000000110000000000001010000000000000000
0000000000000000000000001000100000000000000000000000000000000011000000000000000
0000000000000000000000000100100000000000000000000000000000000000000000000000000
0000000000000100000000000010000000000000000000000000000000000000000000000000000
0000000000001010000000000000000000000000000000000000011000000000000000110000000
0000000000000100000000000000000000000011100000000000011000000000000001001000000
0000000000000000000000000000000000000000100000000000000000000000000001001000000
0000000000000000000000000000000000000111111100000000000000000000000000110000000
0001011000000000000000000000000000000000100000000000000000000000000000000000000
0001101000000001000000000000000000000000100000000000001100000000000000000000000
0000000000000010100000000100000000000000000000000000001100000101100000000000000
0000000000000001000000001010000000000000000000000000000000000110100000000000000
0000000000000000000000000101000000000000000000000000000000000000000000000000000
0000000000000000000000000010000000000000100000000000000000000000000000000000000
0000010000000000000000000000000000000001010000000000000000000000000000000000000
0000101000000000000000000000000000000000100000000000000000000110000010000000000
0000101000000000000001100000011000000000000000000000000000000110000101000000000
0000010000000000000001100000100100000000000000000000000000000000000010100000000
0000000000000000000000000000010100000000000000000110000000000000000001010000000
0000000000000000000000000000001000000000000000000110000000000000000000100000000